5888
4646
3112
5887
934
98
6219
5508
8362
1944
4179
719
2464
8335
1994
8768
3886
1465
4733
2284
1666
9382
4259
1689
2246
8146
905
8528
6972
453
5523
865
1
2398
2239
4431
7908
2357
5237
6162
9083
4329
6903
4487
9342
3951
2581
2996
7769
7385
2468
2252
9849
2617
4822
4273
9179
6294
372
1669
4147
4799
5526
5975
445
7195
6592
2036
5183
8480
1752
460
1010
5999
4113
6470
7447
8109
8135
434
2407
9529
9465
2353
5372
15
3407
1731
6248
5013
4747
4082
1031
8719
3901
3579
918
5955
4777
9966
6107
6566
784
1642
1905
6083
5163
1359
859
1700
1997
6504
8018
3033
35
6037
92
5464
8975
9635
5379
2593
2597
8823
9808
4242
2209
5038
282
4803
3996
1616
441
1970
2683
3642
7189
6806
6966
4142
901
3492
6468
211
8145
9349
4504
1858
981
252
5961
3898
3992
1109
6581
6230
9055
1126
9968
5878
2046
2908
5652
698
3019
5409
7551
8106
329
2851
9806
581
5405
5166
6979
4734
5003
1281
6641
378
188
5833
7092
5935
7632
2165
1451
1977
86
1567
4654
4743
5277
4109
2065
148
2626
9166
497
5244
4890
5876
1393
8299
6278
3720
7838
5909
9888
717
9813
4508
4714
5196
7246
1496
1684
82
4845
2064
3250
5694
4220
7994
1048
1662
6210
3688
882
3570
644
3769
6758
2998
7510
3673
1513
3362
1196
2700
9625
2608
7360
4125
4175
7038
8525
2465
399
306
1383
2528
8622
5939
6143
4151
3693
8641
7705
6177
3106
9162
3506
4265
1308
2463
7143
6872
8799
3692
4330
421
7114
6441
9653
4601
1290
2034
5388
8130
4100
8351
7186
7668
1500
5656
7492
1906
6385
2008
2143
6265
6009
8459
2481
4724
2755
2582
3547
1852
5515
4583
5159
2850
272
1127
271
7863
9536
9018
175
5186
8127
5327
2641
39
5819
181
5984
1829
5608
1562
1090
3625
8765
430
6090
545
5859
4499
8714
5300
7676
9597
5666
5640
1387
4586
1530
4094
1014
9859
349
7735
6660
7942
1345
4282
7966
4064
1691
6365
2864
4403
5907
4483
6027
5206
1769
8691
2193
3372
5985
9283
5977
1249
3557
9469
8628
5543
4505
4764
1819
196
1755
7443
3925
5000
1261
2774
9805
6425
1258
8758
8397
7796
279
9881
1352
3076
2633
5239
2518
2971
5714
9660
7070
5130
2365
2097
6858
5041
6908
4651
3397
8406
8969
1449
587
3187
9292
5107
3737
3384
7393
1864
6307
2025
5842
111
9320
4085
6044
1590
8849
1071
12
1001
5757
2294
512
8015
8879
1972
9300
685
5473
2197
2020
3226
3683
281
8557
6202
1434
1118
6551
3006
9742
482
4463
3812
2613
5823
5604
998
501
2132
2669
612
6091
7613
5036
1020
9053
7931
9712
3356
1324
4389
5175
2773
4457
374
5233
3319
9801
1092
6580
5408
4836
255
893
1309
5520
8308
4034
8506
277
620
1130
6891
2637
108
1339
3173
7043
2863
2443
2671
3946
7867
7752
3439
8240
960
2429
386
4155
2111
8167
3486
2274
3257
1166
5259
4299
3569
3661
1011
7400
2995
831
9719
4742
2258
9231
471
3023
5741
155
496
7420
312
1746
7423
7614
721
2433
6876
8668
1686
2169
6274
3118
7852
5352
1624
1879
9633
1477
6093
5435
558
1630
4364
7160
2228
1993
285
6006
6760
1428
331
4215
1982
8527
3145
2183
3294
5010
3649
7430
9557
6600
489
9138
5501
576
1920
9715
1565
9670
9925
762
4962
9585
5576
249
5245
5854
3597
7275
1074
7899
6514
633
9001
3465
4222
4565
2409
3614
2991
1715
4748
221
3723
4870
7973
1581
7854
967
5390
2841
4336
4782
8246
17
9380
4616
8374
7836
5152
7700
2602
8937
9271
961
1682
320
9599
9538
9330
1716
7708
60
8415
3897
790
2856
1626
8646
9035
2830
7384
8323
8080
1120
4426
1427
8324
3877
7388
3510
574
4647
4283
9426
8347
4127
6407
6373
9913
9328
3545
4546
6848
8870
9636
654
2055
7287
2564
37
2638
3454
4746
5138
6
2629
1012
1392
5095
3266
7567
170
8521
586
7084
988
6142
2530
5156
5621
3778
3932
5074
7438
338
824
5150
5644
3858
1940
1107
7746
2878
6323
9025
8872
6453
2181
9553
490
290
3080
8887
7964
7568
8439
5354
5675
5430
8781
6279
2366
8279
2681
4263
3647
7263
2652
9534
6747
1764
9676
5035
7281
4725
8364
777
2794
7623
1147
9220
5454
1446
1056
1856
9126
4114
711
5060
1628
4438
3536
9939
6022
3090
3952
7155
1307
4776
9299
781
6578
6532
2983
924
2235
749
7936
6317
97
6318
4001
6517
1454
8266
5118
895
9525
6588
2134
6605
530
9965
7986
4968
6154
1889
2931
3048
9212
1835
6738
3457
7873
2430
314
454
4766
2122
411
1236
2937
9124
5216
433
447
48
3660
5404
646
1413
547
3937
3317
4397
3097
448
9360
2807
5258
2711
5532
1882
8175
7321
5559
6717
3709
4518
2100
7291
1807
2119
2121
6400
8983
9727
3741
1865
4818
3794
8619
1623
4512
2440
2812
8265
7002
251
9797
4519
6119
7757
405
8061
9821
5583
6530
7463
6012
1701
5346
658
7845
7294
115
8532
1924
3687
884
3302
1962
153
1594
22
9834
799
6679
7687
1483
6699
9833
8913
8962
3810
5750
6932
6509
2696
4057
9003
6185
4817
7665
4834
4625
5059
2895
4137
4214
9907
1144
2080
9914
1570
750
406
291
9773
8412
2521
6953
1181
2705
3014
1947
6512
1173
5246
3086
3666
6120
309
3241
446
9049
9687
3079
708
3429
5385
9533
5353
4197
9278
6350
3894
4842
6640
2031
6810
132
8191
9921
7507
2386
7795
8526
7131
5182
2574
3762
5236
1708
5287
1709
9990
6948
7553
9812
604
7662
3028
6797
9583
1068
9214
1380
2847
725
2367
5032
2508
5729
7615
4812
6838
4857
4524
4386
2359
6934
8237
1767
8625
390
6171
322
583
2349
7337
4344
5140
5820
9869
9726
2487
6457
768
7573
623
466
2176
169
1395
6862
3010
4427
7238
3015
4298
8991
200
2361
1644
5197
7466
9381
7278
5160
4621
6620
6139
4326
657
8309
668
2402
476
1538
5268
3531
8689
6557
1070
3020
1783
6254
2093
4770
2754
5242
3766
6213
2120
8250
571
218
4767
4695
801
1995
6397
8836
8023
2785
371
6998
2019
1162
769
2725
8420
4758
9247
5058
635
9785
6332
2762
8024
4898
7894
294
4123
9263
5376
1914
6043
3267
1728
8685
5403
6694
9183
969
3682
6803
8715
5912
9942
8369
7494
527
9754
1414
5647
1922
9711
101
9692
7228
359
5481
2195
3198
2050
8101
9606
4598
5434
9273
8863
7193
4976
1515
1549
847
89
6837
621
2053
1193
7243
4371
4360
8460
5373
5864
1188
2149
31
5066
2769
20
3409
3273
9078
1761
9837
2663
9691
2310
4821
1529
1131
1841
2225
7187
2130
8593
6203
5725
1973
1663
9101
2679
5479
1172
5145
2740
1678
6372
3548
4095
5712
5620
1654
1492
589
2721
3776
253
4244
2727
2640
3064
8675
2482
7326
2826
1893
4192
8019
8610
9417
9677
7028
5278
9790
1409
6549
2275
3555
6996
7061
1055
7652
8992
8202
2989
8666
1149
3073
1574
4145
8270
9652
1129
4899
140
3194
95
6155
4682
8986
5989
1556
1909
9523
3301
4004
3066
6896
1730
579
6158
6057
8682
785
7317
7244
9800
1132
4183
1017
6462
7595
9091
5622
2757
1340
2351
9658
518
6110
8979
4917
6887
829
7949
7638
2751
7163
134
78
6252
33
651
4401
6686
992
2059
771
8530
5517
5850
240
2982
6176
5731
4787
968
9518
4699
4919
4862
9112
7314
83
449
9648
3724
7309
8458
1521
6547
1026
4210
5303
7307
6780
6399
2928
1645
6746
3458
1469
5087
4045
2136
4692
4467
5580
6712
8531
315
4118
459
6852
4561
7501
1795
5195
1667
4510
4753
5575
5057
5155
3432
8618
2742
9144
4830
6900
5514
2423
1564
3135
8407
231
9992
3051
8446
7147
9324
7
8639
1156
834
4319
16
7864
2857
2032
2966
3245
1827
1406
6794
9870
40
6759
1925
5297
1495
1953
5171
7770
1114
8231
94
7903
6021
2677
599
2527
2408
7900
6153
7860
2603
1862
5476
202
3067
9949
9843
941
189
1270
8454
8107
9364
9451
2614
3195
7872
7869
7194
475
7749
8942
7901
1637
6864
5273
2739
9366
1318
4516
9842
7112
1337
5764
1850
1575
5444
7030
9575
9609
113
7856
1291
6117
6191
3736
9155
2354
5438
1312
4429
330
6124
4252
3833
7701
1356
259
7212
645
129
1605
7235
2567
8462
3476
944
7273
3730
8435
2140
4875
629
4098
3054
442
9743
4947
6652
9249
4416
909
7111
5856
2845
8490
1943
8057
7455
1842
792
2277
8544
1386
2993
7079
7213
1830
7524
8771
3411
5104
2799
7866
3059
690
671
1170
9079
2387
2003
8998
7923
3144
4670
3246
8993
3437
6779
1907
8717
1069
1620
6533
6052
4542
1861
9555
7176
9012
980
4790
8634
565
3324
2775
3636
9030
1219
7315
9621
889
479
9588
2520
7230
1224
2957
6394
6217
556
2912
733
2378
2919
8541
7565
7822
3482
2816
7772
4704
8672
1796
751
5537
4820
7062
7878
1863
8791
2028
7716
5707
5366
7605
3864
2276
5846
9082
8782
5386
9044
365
3074
5744
1614
180
8952
2976
5069
286
3603
6503
8636
91
8549
9564
853
4997
9748
6682
2620
461
5539
6539
9361
80
4683
184
1246
1447
4339
4171
669
4620
9000
4
978
468
4186
1648
8789
3265
6718
9435
4936
5228
7733
2376
3803
2622
6798
426
5009
4963
56
7709
2363
8898
2472
7571
7075
6181
3385
8918
9941
1342
6163
516
1150
6804
3754
2535
5347
3169
974
6286
9252
9128
2684
4887
4554
9488
3108
1629
4840
21
8648
3628
5697
9230
8352
2436
786
8197
4422
3264
4755
5855
3342
923
5531
1243
3706
3345
2250
1571
6570
2870
6724
4418
6079
8725
4795
1286
682
4944
9672
3806
2839
2461
1443
8503
1986
7794
7185
4357
2107
6382
4006
5389
9531
7165
9753
8295
2844
5422
732
2303
517
2150
9229
4205
1960
6111
7933
7950
564
2285
5307
4773
4954
7535
2101
4378
8013
3203
1740
7484
1288
3164
8296
9165
7717
402
8563
8936
481
878
4003
1519
8595
2749
9766
1245
3663
1347
4611
3091
1762
7477
4331
5768
2458
2674
9143
116
1294
9314
9202
6319
9377
5261
1197
7173
2192
4406
3030
9908
3890
1023
7731
3333
959
948
6216
636
5291
2260
904
8819
295
4188
6962
2013
8835
6857
4540
2716
6368
3831
9784
4926
2551
807
1804
7167
2881
9326
2644
5979
2569
9358
3082
4284
9184
3999
605
6689
3341
9997
900
1552
324
2475
2236
8474
2066
741
455
4602
3695
7589
6073
4939
6920
3262
34
2525
1894
4897
9174
3451
9255
726
6374
5270
9762
288
2049
296
194
9807
2516
8662
6796
9171
2234
7951
6064
4726
7970
7308
7585
943
9614
9820
4054
4657
398
3288
6684
4993
3714
5994
2188
149
814
6974
9070
3621
1679
9885
4314
6360
827
7948
7204
3586
5348
3233
858
7425
5891
805
2196
1506
5221
4678
7354
8886
3013
8431
5004
6663
9894
2573
8796
5962
1142
8281
7042
3032
681
7202
5440
740
4139
4521
2406
1040
2342
2729
1117
9611
4979
8716
5513
7648
4446
6364
234
3690
743
2280
1382
5495
9967
8428
2909
2202
3469
9301
7448
4793
7409
7089
393
6343
9663
3943
6396
1664
9491
9096
8894
8569
5049
6257
4101
2324
3071
5721
9873
3361
890
844
864
5610
3568
8907
8859
8778
7509
7741
7429
3129
7332
5970
2157
9482
6555
5927
2634
4274
4576
8433
5384
3735
4844
7027
6231
248
8972
1758
9880
8730
7452
935
205
4243
8676
4865
1806
1785
6820
397
1810
4641
3560
8901
8670
4853
9705
866
2566
8315
93
2607
7660
2308
1815
7787
1823
1790
915
2821
532
533
1900
1938
4074
3388
4233
7920
3400
5635
7205
1232
9478
940
81
1133
2709
9425
6763
3238
1668
9215
345
6907
6129
9706
5798
8818
9040
7941
3538
2514
3283
9729
2091
6901
6743
4528
4460
5538
8547
9318
1401
6890
2431
6545
5880
1354
4715
8230
6388
5022
5771
6827
1847
4729
6742
2090
1502
2697
2161
4867
3791
3848
7090
7021
8210
6001
2432
1880
1577
7295
6981
9362
5033
303
2304
6059
8902
6412
3201
2069
7776
239
8017
1016
3919
2890
4010
6622
8180
6380
7427
4161
2128
5792
1368
8255
3387
1419
3124
6237
4532
5398
7264
4632
26
5910
7390
62
5043
9327
6737
2892
1946
9513
3326
4281
3463
416
7403
3808
1210
4918
7470
5803
5832
1471
9221
703
1834
8770
7020
9595
3260
1461
8052
4980
1349
3042
8970
2631
1379
9480
4883
4230
6519
3772
9926
3608
2944
5662
5527
922
7711
5548
1054
9682
3979
1621
1072
9472
542
4276
8834
404
2372
1108
8455
2722
6054
6108
1306
3953
2336
8046
4167
4293
7362
8754
8470
7399
3089
4421
912
4675
373
7673
6351
2650
6250
6902
6635
3998
2374
1141
4311
8004
4797
1566
2420
96
1820
6261
8276
5921
9033
5453
6353
674
4974
8565
2004
3005
8427
9127
8453
8096
4391
5522
7301
3057
3940
1268
5199
1981
7382
9194
3657
4031
1596
9390
3929
8434
1939
7495
1426
7519
4994
3658
9433
9852
6324
3041
5255
64
3733
5762
954
8487
8883
1494
3111
3851
6969
6766
6518
6650
9659
5709
209
9576
5609
8388
1800
6082
5857
6410
6575
2628
695
5941
833
5558
9022
9226
5051
3138
6701
6031
7976
4295
8645
5584
8021
1685
3859
5940
1083
1035
245
557
8318
7813
8030
1402
6688
9319
5218
3155
6051
5025
8152
5660
2200
3219
3478
9610
1845
8094
4030
6999
990
9603
7897
2422
3485
9156
1508
6616
8045
9114
4129
4156
983
3322
1338
1523
6661
8774
487
4398
5018
2906
9373
1164
9395
3563
2859
6069
9102
6556
2661
3512
2904
793
6314
2837
3562
9393
5200
8571
7591
9530
1554
2339
2269
4991
3190
5681
1690
9969
5096
8914
7906
7719
7156
1039
5553
1113
9015
1216
6535
6456
8904
9579
9116
1295
222
5659
9369
1206
6118
8608
2911
3061
9367
5653
4411
9288
3058
1066
9427
2115
7249
8476
914
8502
6147
4073
2730
994
2495
1178
1397
8745
7071
9353
2577
8924
4302
444
9655
7823
4038
8580
5967
7116
2145
6697
123
6197
2253
4637
135
8069
773
9911
6654
8418
3418
7208
9201
8853
9877
326
6924
4536
6959
4138
6994
3517
2356
5169
8510
7475
9237
659
7726
2216
9865
125
7657
8136
2600
1057
626
1366
2670
7277
6188
8092
8373
8053
9391
3072
9909
2639
1505
6602
9543
9486
5546
8042
3282
7433
5249
9443
458
7457
8977
8128
158
1208
5824
3667
5429
2575
2299
408
3419
3564
4998
260
9944
4612
3994
7689
8358
5110
2113
1805
2507
8224
4184
51
2428
5293
8432
2282
2312
3533
2043
2279
8575
6413
7158
75
156
9589
9092
2291
757
5812
6241
5835
5153
6053
7604
5863
3197
5137
9109
7458
472
6406
2692
9279
9637
4639
1729
8711
7029
5162
8658
3611
3665
1996
1518
8392
7959
7985
1573
8355
5462
887
5801
9034
3888
6398
5506
9983
6418
6121
4563
1310
6898
9131
9217
8343
765
7210
8985
6105
1826
6594
8759
7171
2537
3923
261
2397
5232
6449
7413
217
201
4903
9871
3984
572
4832
4248
1588
24
8391
1322
5383
2444
7481
5133
6270
4935
2610
2088
7106
2417
1085
4363
3494
4359
1524
4246
1916
4471
3941
163
3856
1077
2556
3177
3916
7182
4702
1229
4876
1921
5312
8661
4198
1563
6209
270
8750
9580
467
2219
9863
8935
3583
3278
8149
5529
9401
1870
7105
7993
4203
3209
6015
8113
7909
5809
2586
1812
894
6633
341
1275
5704
8151
4485
3974
2227
842
4732
3928
9264
4737
5433
9459
999
2460
5154
8108
8066
5519
5572
4213
4305
7198
368
2523
1320
5976
7303
3304
5577
6811
9325
6709
9260
3551
602
1333
4395
962
307
2968
3325
9352
1892
7946
233
5047
3307
2156
7608
4029
2817
8856
5338
2555
3802
1718
3554
1898
4016
5784
2741
7734
4515
5113
1522
779
244
1058
4952
718
8784
9567
8590
4735
1558
8026
917
4041
9979
2223
4018
4762
4452
1417
7641
921
9571
3576
3641
8615
9953
4615
6916
2951
8118
9695
2922
5323
464
7140
6955
7768
7358
9690
778
4069
9122
3122
7074
1088
8734
2930
3965
2782
9562
4231
2185
3449
2642
3295
1289
7284
9418
7022
9193
3484
8099
3330
58
709
3202
670
1782
2604
3103
8062
1798
5972
3862
2897
257
8119
4063
8117
5936
938
5839
6074
6327
5664
5765
1123
2733
1760
5997
8609
1346
5978
470
2784
1503
1019
8087
5070
2373
2129
8808
7496
4593
6527
379
1854
9340
250
6552
5556
1062
9420
1225
7680
3912
1600
9436
3068
2057
2484
707
9137
1507
8022
9977
2601
3616
1754
3036
9379
5223
2026
2887
4838
2915
2664
2672
4052
5503
502
67
6483
9624
826
2592
2621
2534
9867
4538
4410
8330
4831
6169
7619
3542
6888
4957
2206
5028
5836
683
2688
9804
7125
1546
3456
1665
6148
7356
4102
7829
8301
8110
6422
9749
2446
410
2832
9207
59
5450
5555
6510
2358
242
3689
3753
6326
4019
5337
2248
7588
1619
304
9060
8239
6430
2087
3681
1404
9218
8386
1717
1822
8690
1104
9444
9113
4752
8137
3092
1207
3850
7367
9346
8696
4548
7592
6649
4097
3726
1625
3070
1485
8787
1759
8753
2459
8504
7115
1255
3193
7830
6256
3584
3677
951
8178
9857
8860
6698
1336
9829
5260
6505
8093
3338
509
5952
9239
879
6293
885
6828
5332
3871
7892
7533
714
6628
325
8207
1474
2764
1061
1138
2212
3132
8736
511
7196
4374
7723
6783
1008
851
9196
6665
3016
1855
3196
4650
6789
5882
9679
7790
1672
2899
4628
5802
9765
753
5094
7478
2388
8592
568
3339
8251
5581
1525
280
9031
8075
4250
7133
1751
5942
6371
8441
9532
6331
3360
8709
4352
151
8371
9760
5692
1180
6264
4469
5387
598
8429
6404
958
9118
9095
9507
6554
6218
2126
1641
7631
1328
4937
3481
6339
1004
6484
5932
8951
1075
4765
3962
5328
971
6522
7411
139
6395
1991
1618
7525
7586
1252
754
1389
6095
483
1612
1586
1296
348
8417
8971
4778
1531
4856
9850
1622
2907
8567
5922
7566
9879
7580
1233
7136
7636
2958
7927
3680
9375
985
977
127
5884
8077
5929
7849
8813
1501
2170
8158
7221
5465
429
6361
3838
6384
166
3591
2763
7513
622
5906
5534
1416
7095
3285
334
4387
4720
2813
7520
1282
4294
6186
2543
1930
7381
3620
6619
3222
1021
2753
7039
704
5563
3320
4328
5643
2643
1828
8074
8247
6573
8698
8477
8032
3315
8848
9988
1405
6595
8724
65
9027
8512
643
1098
8978
3475
4146
4253
739
3495
6005
3181
5995
1652
2694
1096
8674
9872
6656
8738
4228
215
2210
4219
2736
2290
5016
7473
8538
9407
4769
3884
7904
9511
8817
5925
3303
6493
6070
7493
2075
1848
5272
1013
9675
5392
522
8516
8340
1321
4567
8909
3950
1929
2501
6007
9317
5157
5599
8190
8644
5701
5044
678
1824
9612
803
2802
3171
7320
2917
1640
7729
3382
6281
9071
796
4958
2605
3947
7932
6950
3392
2624
1334
9167
6786
6466
9591
9483
52
2861
5136
5981
6863
7025
6800
5319
8809
2174
4218
3389
3192
2704
4744
5561
5039
2395
4690
9936
9509
3594
2045
6583
9796
8264
1376
186
3981
4566
688
4672
6029
3383
3728
2655
2686
6599
2822
4115
7954
5991
5957
945
2393
2873
6123
4365
5485
876
2124
5280
4399
8381
9013
6316
6114
7944
4414
8154
3491
370
6892
6058
3205
965
154
5615
9774
641
7229
8205
1189
4888
7459
6115
5254
946
2218
2405
7047
3455
8965
9722
9198
1263
3367
1876
8325
1046
8447
2653
3825
3798
284
5683
2135
5796
6677
9141
982
8379
5582
3727
4014
5540
5400
114
2900
861
9744
2550
5663
3752
6096
3215
9887
3488
6151
4476
5931
1579
3340
7292
666
2297
4308
6310
4217
42
9216
2021
7653
7066
4819
6214
9159
2756
8844
9751
6946
6204
8261
5711
3369
957
6871
2201
7545
4216
9560
7686
3601
7333
4604
3256
4992
5446
4673
9178
5486
9864
928
8684
3141
1287
6816
8515
7170
7442
2295
2230
9541
4550
6911
3121
3337
1378
4484
1488
9594
1136
2921
1919
7168
2531
2766
8756
2148
6144
9423
9402
2978
4582
6833
3125
8577
344
8365
6550
4589
7298
9120
5083
5226
1076
613
432
8179
3691
7172
4307
1457
3786
1779
919
2114
4745
9222
9830
1000
2563
2609
3133
5406
6255
4162
4811
5290
8519
5879
6836
6290
5414
8
8292
2708
1931
3043
1687
802
8336
3163
6521
9985
6315
2747
7279
8196
4394
3610
5227
323
7609
4874
2623
5980
160
6586
4591
7850
1358
2868
4334
3882
299
5590
2559
5494
1025
3143
5078
3172
4477
143
7502
6258
3184
5756
6461
5898
6930
3049
5788
5080
7563
701
7059
8920
5184
9542
9912
4922
7290
3272
8016
7529
9544
3221
5128
5322
7407
7703
975
6771
4901
7880
5299
6815
3065
6839
8078
524
1024
5524
1951
4428
3280
3990
2568
800
2969
2548
9548
4772
8436
8472
7072
6113
8693
3618
3699
2070
8328
2035
5804
5497
3424
1915
2691
1899
5982
110
6659
8341
7485
4430
1463
1456
3927
3158
1323
9768
2471
353
1839
2916
2316
3309
8243
8535
1272
1299
1560
1585
2098
2078
4771
4788
7707
2903
8172
9786
4093
2154
6431
2595
9718
1814
607
603
2967
7627
363
5937
1435
7248
3711
3920
7018
2630
2300
4131
3185
6199
4828
5126
1466
5913
5382
8740
6524
9429
8981
2680
2024
3755
4502
899
687
2242
4195
172
2144
7242
6625
1608
228
7201
4816
3549
2293
8181
7335
966
7804
1438
4144
2734
700
4617
3131
6685
7465
6944
1987
4262
7323
9856
6809
6849
8284
6856
5492
3519
5870
9477
5257
3448
9568
5165
1105
1067
4971
5949
9616
3765
6340
9558
4174
9431
9794
6572
3743
4927
7379
1213
8014
797
6401
8131
1832
1367
8064
7440
7048
4706
394
1152
3433
1175
6918
3771
7461
2272
3218
2865
6329
8604
2424
3511
9802
3931
8189
6989
3893
3615
1204
1146
9581
8821
5928
2205
7828
2073
225
5923
5614
3156
1394
2667
3760
5316
2301
1348
6415
2720
8812
364
2421
2876
4396
4824
7546
3805
6983
9643
5570
3119
5717
5442
9995
9424
5264
7451
8976
5289
275
6002
9359
3244
1102
9756
6280
5209
2077
8522
1371
6424
9108
4280
7678
5402
5755
6985
1043
7508
2051
3840
9370
8090
126
1649
2833
8653
1044
1441
6271
4860
164
3504
4060
3312
5613
8589
9886
3115
1901
6582
9623
1418
1653
9772
5763
328
2990
2974
4509
9905
316
7483
9306
1086
9462
4501
8561
1087
507
3018
2305
8803
5360
4415
661
5428
3210
9069
9447
8163
9186
9752
9782
7041
9242
68
6275
5589
4781
1300
1512
1670
519
2792
5121
235
436
1749
8115
505
6995
9840
3347
352
9076
6790
8769
7798
4226
4277
8800
4020
1183
8851
546
9984
6157
9750
7188
9257
1959
8694
1897
8194
9439
952
7696
44
3634
888
8611
7419
2858
760
8539
5787
7464
614
3556
2852
2322
1433
1869
7690
6721
6543
4241
2224
23
4774
1007
8416
4544
7826
2067
3936
8329
3040
7398
9036
1631
881
4710
6733
2945
6667
2557
2377
2703
5908
7471
6473
9629
7355
8387
5176
5968
902
2541
4560
7759
5077
7663
1293
7603
9998
3275
1784
4382
4187
1148
4894
7237
8173
4806
2964
1533
388
198
4636
2390
1239
2627
5791
2467
6098
3580
9761
6362
305
1005
9372
7922
419
4122
4454
7884
3223
5111
6692
2009
1756
7081
8360
6306
5865
2263
8642
6460
57
8822
9487
676
7261
3394
4310
2450
131
9414
6541
3279
877
2203
1896
1234
18
5829
3168
9356
5377
9823
5315
5046
930
6094
5911
4279
6018
6328
3153
1051
3414
2719
9510
9720
9160
5393
823
5858
147
7013
9206
663
4895
7808
9758
6016
4723
9177
5330
9550
3696
973
852
4350
508
45
2645
3558
3513
5719
70
3306
1802
2835
8816
5215
9587
4056
705
5122
6475
4200
1167
9735
7548
6520
173
8520
1877
6296
1079
2104
3892
722
6100
972
3627
6481
415
3761
7682
520
3793
6705
3654
1580
8626
8621
6912
9454
2350
6234
9789
6478
2018
8647
4402
8767
4449
3934
9736
9593
9994
1741
2451
7929
2503
1009
696
1557
2885
6723
3251
9182
4889
440
9397
4375
9251
6494
3613
4886
2494
862
6673
780
9681
6187
1777
2337
8269
230
7515
9819
8041
2348
7859
8744
3413
107
8891
3497
9479
7547
2449
2166
1373
3828
3373
2186
5533
9639
4631
8652
1988
927
8606
8509
264
4124
1211
366
3770
4533
4687
3365
2606
9971
7518
7012
7007
2381
2952
3247
1617
6831
4614
3653
9219
3787
1036
6939
5893
535
3782
9959
7408
2743
4159
2416
308
6725
1100
8232
9505
6702
4432
4270
2791
5521
5071
9345
1135
6773
3801
1304
7009
3363
6630
1747
2400
5677
2625
566
2392
7431
3528
14
4529
9740
3997
3599
1159
3007
6843
2237
8367
4854
2127
5566
7559
6869
5222
9508
8597
7671
5665
1241
7512
7877
2171
9460
4239
2752
4841
4575
2750
8655
4955
2591
150
5745
6563
9276
5843
2748
818
4066
8034
2659
3566
6336
6495
7554
8414
4447
4577
2419
5862
841
3316
6719
1851
9248
5611
3154
2506
227
5251
8091
7456
120
7679
4388
1194
6109
5263
2942
9046
3503
493
9387
2452
3567
128
9626
7693
7130
1440
7175
1473
4775
1875
1214
6553
736
1985
4164
1692
9195
3571
2660
7251
9026
4568
1543
5658
7601
4169
9305
157
933
8086
2344
7262
1904
4956
4383
7598
4315
2675
8966
8300
813
3500
8337
8931
8443
3286
9458
3332
4837
5073
9350
9363
8660
1361
2940
9739
2022
1998
3477
808
584
7268
6390
9386
7231
6565
9552
1532
9145
6283
3099
9262
9938
3230
3355
3523
9586
1712
6971
2327
7537
4719
1423
4367
3470
5685
6603
5313
8068
1227
5451
3522
8941
7491
9964
9817
7581
4756
1381
3900
7033
7833
2871
5963
2570
8895
3747
4861
6469
8757
6342
7169
2326
1410
9661
5213
7762
6019
2117
6377
9862
3637
3763
2975
9392
5012
6358
1857
7848
8038
7670
4058
588
8353
8422
5027
5918
3408
4191
9777
6446
692
867
2583
7975
7542
9448
499
6727
5956
2439
6485
8793
6706
9269
855
6047
1799
1969
8737
2194
5996
7340
2231
4321
9504
6875
3336
5234
4084
3231
5782
480
1860
1228
1945
8523
5774
7406
7174
3588
2611
3626
5504
8842
7052
1134
2827
5808
3487
8245
2947
2072
4468
8864
1697
1047
3676
4425
856
5285
6867
1965
6951
1482
5904
3228
3374
4361
1739
5204
6508
8408
5691
6458
4891
4291
1486
7868
4002
5671
8049
2972
495
2558
1429
7625
4916
4932
8721
747
8421
2787
9917
1547
8761
8448
2874
8326
3489
8310
8380
2302
8650
7218
1095
2714
53
2806
7076
7714
6961
9234
3797
0
758
2112
1042
1222
6823
3835
8195
8040
2000
2311
8882
1601
7991
2511
5336
9500
7853
8686
3094
2082
6922
1412
8009
7821
2571
71
4110
7222
1683
7191
3742
673
4981
8950
8548
9696
9993
9404
8442
336
1165
3479
7669
4885
5828
298
7912
9958
5090
5895
4479
1305
1520
4605
5669
8974
7934
8766
9089
1928
5860
2137
8193
2496
600
2125
9815
8217
2182
2665
1049
1721
8735
2954
632
4722
7650
4630
7304
2215
8720
66
6325
8496
5902
6680
4201
1874
7019
2805
5586
9878
8114
192
7521
2758
2480
2047
1744
4599
208
3327
100
7739
85
9900
7166
4638
9506
5560
3668
9991
8837
5415
6356
8892
3335
7058
8555
1045
4929
3214
3732
1341
2509
6732
2454
4424
9039
9604
6913
2116
7732
438
7620
4251
3126
313
569
9492
9638
7386
4490
1883
9947
355
4351
1064
6298
932
8556
256
4059
8897
3841
9554
7874
820
392
462
8333
5568
2529
1569
2255
748
6050
8174
4356
5151
106
6136
3656
2102
2334
2259
1903
3612
1357
5086
2309
7126
1202
3081
2486
3204
301
6560
4975
716
6346
3915
2167
7375
6178
550
6726
9584
8633
3255
7397
534
3734
9853
8543
1975
9057
6853
8874
2330
3376
8156
7963
6636
9666
4061
854
2726
5799
9119
2515
73
8085
9403
2476
5194
9056
9010
1535
5240
5565
745
6645
7197
6675
8890
2010
2735
7837
9187
5034
1467
9737
1895
1650
6498
8285
3969
819
503
1559
2131
69
8673
6116
7807
9232
1271
5042
1647
1084
74
1157
3502
1878
3140
7094
8536
9434
3853
1568
1773
5890
6251
1694
2828
9642
4677
9515
9032
2271
1364
2712
6149
2089
1302
4433
7236
2943
1353
9099
9596
5362
2706
7226
6060
6904
5618
6643
2338
3216
8586
7921
7802
7505
6206
6383
5340
6499
6130
7888
7101
9824
2379
8169
2412
5715
7841
1902
2594
4009
6102
2657
3366
8073
3269
4096
1325
2015
8464
4688
1661
5900
6112
7891
2079
7704
987
3186
5696
5062
1220
7137
4240
8881
4047
4941
8081
7980
8873
5638
3868
4149
4708
4025
8708
7987
5448
4160
9512
9818
9811
871
7097
5005
6755
2803
3438
6322
6295
5807
8804
5954
7844
1242
4369
7005
4076
7543
6131
8494
7383
4024
491
9139
1736
8629
7532
5541
9442
3865
9924
787
4643
1681
9854
2240
2886
7065
435
7584
1415
5587
7003
7995
8125
5170
9064
2061
7056
9204
4855
2068
5482
3643
7412
4825
9475
544
5142
3213
8006
4089
8596
2317
1278
7778
437
8739
2103
2251
8923
5554
1968
3380
2695
292
4072
6023
317
860
1462
6825
2853
7254
6708
529
1703
6548
9570
6215
731
1813
2039
400
54
4644
763
7467
3453
9974
1572
1677
4989
8718
3460
6273
6262
8603
1301
9952
6624
2313
5085
6975
9374
8967
4349
2418
289
5551
7599
4023
723
5948
2829
2809
3857
7783
2189
9644
2199
8583
8104
1699
4571
2232
7142
767
515
2862
6247
5131
5318
2731
4081
8215
5369
5867
873
6889
4221
1184
1638
6212
2306
541
8382
4713
3166
5040
1632
2546
1200
7053
5471
8398
2746
2243
4042
7858
5983
2533
7561
3757
6492
2808
2616
1846
9559
6025
7416
2814
2434
1158
7893
9745
2315
8960
2635
647
2923
8475
2006
1363
650
8529
6531
267
2261
457
3598
2536
6414
7282
1937
8468
8959
2222
7093
5926
229
6884
9937
2340
6937
2229
4587
667
8507
4558
1935
4320
5827
4846
3139
121
9471
5339
4199
8731
539
2375
2961
9430
1781
3044
269
1314
3818
2498
4659
5477
2687
2152
8334
6228
4880
7366
6055
3053
9449
4017
1627
6880
9602
5724
8581
795
1452
380
7756
2040
3402
9896
6003
5569
7391
6756
7816
8779
4595
1139
1094
8253
2214
1137
9100
7583
130
4904
3359
226
413
2723
9277
8331
213
6126
8035
956
1539
8889
4053
7870
6781
2332
6036
9437
7152
3921
694
5915
5734
7811
2273
8148
7610
2658
9975
1319
6523
8786
3239
8033
9893
578
262
9259
246
5306
4943
3232
5378
3077
7227
9075
9211
4341
1726
6587
6736
4297
869
5015
913
1734
431
6150
2866
7819
8926
6288
9006
9190
6704
5624
4150
5733
724
2266
2190
591
4523
1606
7530
7010
9669
6672
5883
4439
2869
2920
3988
9928
8089
8963
3527
357
5295
7240
8712
8206
6312
8915
9918
8134
7454
1706
5279
1330
5375
3406
28
4481
1284
4496
8919
7372
6540
3162
4634
7219
7637
4535
3348
8263
179
9103
7312
241
6621
5309
3640
7928
1424
6695
3055
2562
5143
4640
5778
4442
5467
9365
8949
1151
6609
9321
2838
8637
1006
7378
555
7820
9111
1121
5944
9732
8607
5710
1145
9825
4913
9073
7077
2510
2442
4698
2479
1727
8162
7380
6379
3514
6700
6013
3930
3789
4652
84
4580
8500
9699
9037
953
9656
6133
5134
4511
4694
4738
4348
5528
1253
2732
6854
3855
9493
9047
9302
7239
7036
3879
848
9086
6569
2155
7517
6618
7607
1597
2707
7274
8746
2207
6486
4358
9236
1615
4335
1788
9499
5695
3447
6026
3060
5535
6986
3908
7827
7234
9522
9906
4173
2778
2542
1775
4843
7099
6943
6710
6883
1110
8485
4126
6355
6819
1103
5478
9982
832
6032
6049
1844
498
9601
9950
6728
5496
3234
1122
7067
7784
3609
5742
4749
4757
7782
4613
5474
7998
6749
5518
872
979
8141
6942
3821
7643
11
7472
3117
6175
5605
8511
5172
7974
976
7148
3631
137
3296
3371
8226
6272
195
8640
3904
485
1199
5198
1587
9632
5758
9662
6817
6067
488
3459
7777
9005
615
5098
9844
3490
6567
6200
2226
3722
87
6576
1497
1789
761
880
6977
6715
9398
274
5266
7646
5754
8238
5167
1719
2797
4984
1651
7683
846
562
3867
715
3037
1660
2030
8973
592
8705
3719
531
9809
360
874
5334
9250
1780
9972
2241
7940
5790
4464
3501
4206
4482
49
5468
1885
8444
6308
5202
3252
4977
6359
9142
4786
3344
6075
9421
5502
6471
1657
3507
9228
9847
7100
7404
4458
3083
1182
3161
4474
8665
3346
8294
1633
996
358
3535
4847
5959
2017
3595
1936
8704
3968
8185
2011
6201
9383
609
9270
596
7351
4988
1187
3784
7738
6744
916
6146
7190
4051
7939
3435
6623
8980
6249
6227
1634
6174
7073
9168
7969
4108
7080
2262
9922
8612
4333
2455
7329
5443
6870
2062
6526
1793
8499
2081
4814
8845
8806
5052
4805
6824
3217
4627
5286
3982
5845
6092
575
2085
4685
891
2572
8199
4032
9062
118
6426
1420
1873
2505
3550
7339
664
3297
4070
9920
4068
452
2438
4021
6933
6014
6476
8681
8198
6897
403
1763
804
6500
6132
6072
1169
2780
9485
907
2941
1455
1060
4581
2037
7526
3001
9085
30
7930
8484
2795
2811
6496
2987
8524
986
2618
124
1811
5399
5761
2435
789
5806
8858
5455
9951
9090
1971
9164
4768
8825
9476
7200
1792
2772
337
2233
5574
4436
9686
6433
742
6577
6099
699
8192
8123
8342
4597
6004
4318
1115
5320
9261
5418
9733
4207
1710
367
9197
9307
1711
6681
2265
9521
7967
9884
9582
1082
9203
9244
5030
9289
6954
8267
9272
8393
5493
5780
5007
7793
2437
1391
2318
577
9315
5082
6477
3995
5919
2717
6266
4340
5648
1101
8361
2427
8560
4065
1791
910
3816
3012
2347
3729
9385
5672
5773
4078
8338
4405
6788
1859
6927
8142
2288
610
5072
5108
3544
8084
2724
9297
9129
3499
395
2880
686
7887
6761
5753
8631
8241
5401
7691
9467
220
1267
7286
4035
9759
6287
993
9107
6207
2500
8701
5826
2796
5144
6952
8828
1910
4987
7180
9956
9868
8572
5048
6775
7318
8218
9574
3377
549
7666
6348
5516
6125
5475
2184
7146
8797
1343
5814
8071
3685
8289
4080
2355
5716
989
2589
8305
5651
9258
484
8955
9876
7658
7444
6309
7651
2007
4656
7046
883
412
4655
3977
5938
6141
2646
1143
6282
840
5805
2016
6764
8031
1174
9024
6925
9281
3874
7343
8405
168
2159
5730
2160
1248
3461
6770
1582
159
5530
6208
2071
6513
5781
7103
6601
1786
5708
4043
8100
9955
7550
2587
995
5229
8007
9526
9577
1956
7560
1983
5816
4973
1548
9858
4679
8540
2981
4556
1238
9721
1160
2281
5536
3334
4800
1999
9176
6678
8390
4864
9901
925
9052
897
7516
2445
1029
2041
9607
1218
5607
8054
4304
5333
5722
174
2346
9497
3725
1674
1335
2
6506
1843
9058
9628
2052
3635
6841
6313
7712
6938
5736
1952
8044
1595
6417
5667
6189
5203
4497
7556
1344
4882
4055
5367
8067
1332
7439
7499
7992
3293
4784
8723
9020
7612
6826
7498
1742
9561
7330
2710
5461
439
5230
276
2447
8220
4372
7861
4377
2682
4121
9961
6089
5603
4961
9463
4658
8298
7538
9172
7497
9081
8893
7890
2713
6451
1887
7145
3314
7810
9461
2328
3830
6137
2221
7352
5619
7913
8451
652
8063
4473
1250
1599
1297
7479
3783
8166
1119
553
4170
9573
4007
1872
1274
4257
2371
339
1537
3025
7214
8129
4802
7743
9199
4905
7774
7997
755
5760
8801
6440
9845
2737
7110
7996
2883
8473
1437
5602
9725
1541
2109
9683
8143
396
8702
9016
8047
9045
3860
3431
1837
691
3350
4353
7422
9065
418
283
3396
9747
9416
9394
7102
8788
1516
3767
5006
1015
5595
1022
4553
5849
3351
5943
4165
7410
6226
6068
7184
7371
8260
5396
2499
9268
4445
6454
8827
9778
5190
4379
9238
2767
1078
896
109
8868
6658
1128
7449
7957
7606
6010
4909
1458
6957
728
7721
3468
3671
7522
27
6482
302
6320
9161
1954
7016
5894
6873
1992
5593
6832
1504
720
3011
7685
2257
3404
1989
214
4112
1223
1037
3686
5205
5331
8946
4942
7960
2949
4417
8732
6859
4450
5412
4530
7596
2547
4208
456
7582
2872
381
5834
9334
3401
6408
5008
197
2636
1527
2924
7055
1459
9185
5767
6333
590
4879
3978
6167
6491
5124
8060
4289
9600
7621
1203
8838
8208
1221
712
1696
3989
2699
5727
2394
1472
2698
837
4306
5343
3961
8346
9930
1948
3704
6829
8514
2918
7724
2950
9915
5109
1604
6687
1979
5633
7328
9136
8780
4404
1303
2382
662
1673
2138
3829
6799
3587
2745
6617
6757
7602
5267
5726
4316
3922
6097
9723
8591
9336
3606
2910
4649
1384
7151
6392
9556
7506
1407
3955
4453
182
9798
7250
4494
4653
4176
5626
8741
8082
9708
8302
1350
1198
6997
8982
7803
5629
6988
1235
5625
7503
3493
5869
5247
414
7325
8345
8703
3592
5276
4488
3212
4300
5623
6402
4048
3807
9702
4859
1745
3702
5899
1695
5512
7527
6134
3799
146
8321
1168
4088
4931
2364
7590
9457
9313
9673
2786
4456
634
4718
3906
7285
3632
4681
2220
465
7348
1768
3329
3321
735
8498
7414
816
1980
3559
3261
7907
514
730
4669
7544
8505
5525
3648
5746
3823
9151
2804
6065
1750
9528
9710
210
1372
8133
8262
8810
6729
5019
3790
6739
2668
7569
3659
3353
8378
3170
8726
5411
7626
7840
6369
7839
2105
9613
6135
8710
8188
4338
1705
3291
2489
6632
2760
5457
8259
9011
216
8275
2352
3785
2980
2988
892
4925
4272
4376
1926
2118
3443
1388
1803
2986
2678
4950
2256
2632
7270
7564
618
6664
4607
7999
6196
4665
369
4728
868
5460
4619
6235
9468
3508
2044
4815
3854
1498
6637
2948
764
5413
4254
8550
7910
5951
9646
1765
6046
6285
8847
7792
9494
5084
5201
1917
7812
7579
8389
3130
7217
7720
3902
2270
926
3207
5335
3744
1155
774
870
7336
810
8282
2761
311
7488
1003
427
8027
4343
6292
2963
3024
3813
7119
7806
3970
9810
103
335
207
2413
9042
2579
1591
4780
6438
4325
7855
8654
7915
1655
6338
5597
6973
6666
4863
2469
3602
1592
5776
7857
9432
9415
4703
5439
4022
3270
2789
9048
582
7842
9051
7882
4999
1950
3056
794
7645
7265
4578
2298
142
4235
2213
7843
8102
3889
187
8554
2362
906
8632
3781
1675
1171
5766
7889
1205
401
9645
3869
7161
3795
3944
3624
665
548
9378
7104
1030
8649
9537
4884
1974
5851
6259
4211
679
5649
5189
5740
8656
1464
2264
3224
788
7773
36
9410
8182
4258
2715
3085
8234
7918
806
1266
1553
1176
5329
8116
5901
4090
351
5252
4362
6830
710
9180
4132
2168
4945
5076
2561
6546
2425
6011
8582
6017
6156
1283
616
5752
7710
8203
4763
8820
2578
3313
6662
5987
2108
5355
4928
7085
3276
8947
1313
4948
7149
8896
6978
2369
342
1584
8273
9651
361
5841
4584
1840
8968
1073
4005
6488
642
1966
199
4260
9043
265
1735
5445
1963
4012
5674
478
1659
7718
7322
4185
1646
6370
2491
585
3540
6534
9490
1720
8588
1403
567
4107
4286
2783
1867
3698
4380
9287
8533
4237
1002
2001
6240
9590
1273
9755
7500
628
3110
2836
4878
6982
9822
8905
5224
9899
1984
8627
9667
8320
9285
2955
5896
7434
4872
8402
5193
4498
9068
1478
8785
1908
4684
4569
4347
1153
32
4040
5499
5123
1643
8403
5281
1192
6393
3128
3703
6367
4545
2970
8932
4296
1445
6182
7129
4227
2177
9481
3779
6140
6722
4900
1578
3815
7224
8831
2325
3847
9149
300
8599
5314
3323
19
5112
463
9235
5173
6571
8906
5738
6084
5452
1422
6048
8249
2238
2208
5093
8747
7006
7040
8076
1191
6905
9130
1436
1091
6436
7387
4549
177
7369
2905
8877
5321
5351
343
8356
3405
8564
4212
8465
6409
6593
9678
9169
5068
3434
8743
5794
3675
955
2286
8010
1231
9419
6591
2800
3980
4933
237
9767
7096
7357
7831
1331
6669
9832
2172
1080
9241
8170
7289
2033
798
4202
4451
3328
7014
500
2474
9323
3878
9502
2466
99
6173
5986
8120
2249
9535
8663
2470
4224
9
9084
9685
7514
6648
1613
9569
4893
677
6428
4337
4923
8497
4953
3976
3150
9147
3225
9312
2891
8700
4323
1540
3191
3796
7004
5897
5964
617
9891
2005
5235
809
3546
737
6225
7490
3887
8839
7302
8600
9605
7392
5256
8312
9134
5786
6993
7426
258
3638
2759
6845
8139
7801
4559
3107
5965
1264
287
6696
3924
6465
9946
5591
3746
9688
4370
9940
6269
7418
4077
9540
5158
8399
8994
5088
5642
9412
61
5557
9245
8928
6168
8964
8727
2590
6442
9446
1251
8826
7539
3589
3399
6956
6087
4623
5191
3002
8616
4606
443
5017
5881
9050
3176
1891
6785
5578
7895
3705
3843
6381
5269
5294
2718
3206
1526
5680
2058
3
2086
3386
377
9019
1217
7288
4288
9657
1949
3918
594
1327
9514
9098
1611
4796
6865
9803
2027
6776
7917
3496
4104
102
7050
3541
191
6260
3152
4301
9923
6748
9310
5054
8699
8039
538
5326
7347
1933
1890
1776
9322
6644
2552
6420
3452
4920
9618
7570
1041
3596
5747
4392
7655
3957
4808
9674
1990
3395
9388
3836
8584
5091
9627
554
4177
4972
273
3101
7436
6885
2843
4969
223
4522
6965
25
2984
2289
1190
561
3814
5670
3651
1884
2651
9496
5431
6183
5815
2380
4026
4247
6931
7984
3474
3428
1468
6170
6851
3987
1154
1370
1432
2662
1932
6211
4373
161
4964
4271
911
3398
8055
7460
5693
9709
5818
8752
1316
7049
8002
3529
4158
2914
5588
5490
9615
7428
5924
593
8488
5243
7026
7476
830
525
354
7001
9697
875
8680
6917
5238
138
5214
4196
2855
8332
5179
1315
6387
3292
6472
5132
3120
5357
7540
3268
2060
1201
9730
5301
2599
9004
5728
2141
8790
3259
964
6653
3885
4551
4332
2335
3440
9931
1317
8814
333
5141
3258
4667
9566
6008
5594
5302
391
2823
5631
4983
2448
984
7799
9337
8733
4355
5023
9776
5021
1140
8479
7083
3604
4154
2933
2781
5125
8830
9338
8574
9123
3423
1888
4033
2296
238
4368
4448
8755
3167
346
1825
6935
6607
9074
821
6161
727
3800
3707
1918
4717
327
6403
843
46
3236
2728
3318
2096
744
939
9848
4868
4940
7319
2054
2882
1849
6690
6774
1411
1377
6604
4135
8425
5410
7771
9717
3731
4480
3289
4624
2384
3358
3003
9154
9897
8368
321
2245
424
1292
9764
2029
8558
1817
5067
3179
5061
7925
9934
9007
8815
5706
4635
145
3572
2898
2345
8483
8209
5092
7365
3134
2554
8671
7659
9140
6253
9816
141
5436
551
2504
4839
1285
3819
2879
1375
5359
7107
9088
5698
6347
3532
655
7736
5105
8317
3123
4592
1065
5960
2825
8357
631
6303
8223
2925
7370
4539
3774
8772
9524
8546
6655
4736
3775
8880
6352
7781
942
7109
8463
5946
2901
1244
1787
3114
9080
5795
8829
5037
8140
492
6847
9066
7988
6145
1671
7269
8410
6529
5673
5381
1676
4626
90
6762
4440
4990
340
3985
640
2415
3229
4083
3966
2042
2738
7216
3926
8729
1961
8059
7695
5874
9927
9671
8161
9450
6335
1209
318
7574
9253
6606
2519
7377
6224
3137
2788
7450
8236
9649
8359
5447
3759
8513
4648
6894
206
7763
5146
8097
5437
4180
3832
8395
6030
1517
5177
8601
4489
7702
6882
38
8424
6940
2834
6787
8058
5627
8692
6502
4011
4050
6584
474
5484
630
2973
5950
2483
7000
1125
4603
4408
8144
504
9996
6349
1881
2702
8840
6450
4143
540
2403
9547
9368
6964
8688
193
1240
3822
7424
8748
9208
8056
5350
7232
2553
7983
9684
5751
9158
3253
6674
8242
6778
4590
5463
9716
1589
2146
8304
4189
4676
7487
5065
580
7220
7953
2410
5549
9295
350
8482
9343
9647
1490
6299
6813
2162
5423
247
1967
4701
6559
3909
7306
6376
1093
2370
7334
9780
6246
8227
8456
2512
6734
9714
9409
167
7885
3764
2647
1797
9308
2840
9104
5988
7353
8562
1536
8216
8221
5325
376
9546
2517
639
2884
6634
3565
7611
9275
3472
3575
4153
2473
1757
8164
9799
8313
5308
6676
3444
8438
6432
2153
254
706
117
178
6651
4255
510
8423
8283
5459
7577
5657
6967
811
8997
5417
7943
2831
9640
4225
5770
3088
2965
6490
756
3973
7952
3165
7876
908
4709
8366
9440
5045
2314
5115
1475
6754
7489
1514
9503
9622
7552
3942
5219
5185
8157
6627
7017
5349
190
347
6311
9028
4995
5456
5208
9976
9464
3842
2793
5188
8088
8677
1400
243
6487
3034
2612
2268
7280
8854
2502
9839
3211
3084
9210
1081
5509
9831
6195
5099
7846
389
2163
8728
5552
8306
7305
5505
8948
6223
1635
7063
3183
9650
7945
4534
4092
3038
1738
8996
4013
2441
9713
2860
9861
7255
1444
6243
1544
9399
3777
5310
5421
7555
6735
2198
4911
1212
931
7241
5775
8222
2896
8211
5031
5231
9948
5298
8990
2012
2368
6613
1215
6963
4912
8824
7159
6233
3378
7825
5592
9441
9067
6822
7123
8659
3148
637
1277
4610
9153
7293
2770
1374
1510
8795
9738
8252
3935
6840
8028
9700
5837
3788
2810
7748
9470
8878
2158
7675
7958
6166
7557
7575
9954
5178
2023
3243
1913
1551
5705
6750
1311
8669
3188
5491
6947
6745
4798
7661
8900
2191
8153
8585
8862
7722
8165
4303
3630
4712
2178
3903
2744
7374
9598
4967
6821
384
2287
7883
7597
8775
4278
9836
2818
5785
4292
7924
9846
2411
4407
8288
1256
2048
7549
7871
4555
3910
8811
8802
6085
5425
782
4317
9384
6752
7788
8437
1063
3029
5011
8875
6923
6034
9902
2084
422
8233
4103
3525
5472
6538
8617
6463
9309
1491
4810
5817
8534
4140
6713
7134
7015
1688
6341
1431
375
6544
3136
8098
8303
4099
2656
5225
1276
7154
2598
8467
660
3427
7045
4478
8706
5947
7765
8401
9357
2063
9680
7824
3509
9892
8272
2493
43
4134
5407
6642
5793
1658
9274
2485
5100
1511
6610
1912
9883
7753
6080
8695
7968
4507
5903
2331
8481
1499
3585
5114
1027
4492
2615
7162
13
5129
9152
9489
6304
6693
8598
9769
5723
4789
693
8602
9763
2584
3422
835
7135
1099
8235
1576
7744
3913
76
119
3672
4996
6038
9634
6879
79
3758
6501
7341
1583
1794
3200
2946
4327
1161
6344
1453
9734
9023
1185
6464
6411
970
828
7432
3349
611
5547
1866
4181
9517
3159
8552
1230
9304
5356
7272
9333
3967
9689
2565
2478
224
5953
3534
4674
6245
5844
6906
7068
7192
3633
4537
2106
6363
3026
3958
8643
4896
6039
7528
7818
3577
1725
3581
7127
9707
1262
2549
7069
836
3849
4400
5217
2815
2391
4804
6447
950
9286
9578
6574
3986
6792
5852
3883
7972
1550
7938
2320
521
8852
4827
2038
7164
1038
1425
6443
4475
6179
4119
8177
2497
6427
5053
7338
8375
6765
7034
1195
563
8254
5632
2401
772
8025
9110
387
1656
6615
2994
2133
8322
2776
2927
4520
5250
9256
7677
3945
185
5661
3748
3718
7926
1957
2701
3271
3582
5797
3391
8187
2956
6808
6777
1298
5487
1396
7697
2939
2099
4552
7965
9072
3039
4906
9428
6190
5116
1737
2768
3352
6239
4731
1808
3281
2147
3664
2175
9303
3052
8683
7247
8271
1607
8043
2654
8183
4596
6893
3526
7616
417
653
619
6835
8354
4959
4588
1385
3343
3756
6437
1362
5342
8411
7879
3938
5679
3652
4924
7725
9910
5713
4823
2267
4871
8486
8943
4390
7727
3069
5861
8400
2142
8777
6629
1390
1713
3416
7754
8168
3993
8518
9904
3607
9331
9438
4412
7178
4869
2926
8570
7760
8426
5469
8200
766
8478
8348
4629
5866
8065
1598
88
776
3393
7486
9225
5368
6528
7225
7361
7091
7223
6024
6192
4572
3109
6474
4086
7531
9935
4686
656
7179
4193
9608
2666
7635
2580
5562
6614
4697
738
7376
8722
8638
4116
7755
4486
929
4585
4393
6071
9527
5147
9792
5101
2462
4071
8248
3655
4573
8287
2522
2490
4949
9061
7331
5917
5500
9999
5394
2849
8003
7342
47
3441
5992
6731
7207
2953
3679
8566
4443
7468
9105
3662
4921
6277
2693
8225
3466
5344
1442
7962
7417
5676
3208
2819
9890
6236
4168
7688
4633
5419
5739
7617
1639
3008
5743
8846
8449
5616
3710
3600
9875
3911
7956
1610
3446
770
5735
2596
3462
7453
4465
5579
7737
1476
8865
6949
2414
9771
8866
9014
2492
3895
7875
2341
9851
2585
5639
8517
6184
1177
6537
4261
6378
8256
9376
7088
6357
7157
1237
3248
5370
6668
7276
1528
5702
1886
7086
3694
6542
3650
3721
3844
1430
9549
1702
5688
6703
7349
513
2095
8311
486
4741
4761
2649
7054
3105
6028
4190
4079
8568
4514
4163
3834
1450
8008
6238
9389
3096
4608
6772
2321
5868
3740
4027
6626
7181
6045
8944
4826
1460
1774
4986
310
7257
4666
2292
4285
8280
7401
4579
6345
2396
7633
595
1868
3151
4664
7474
104
4324
5361
8559
1853
8613
4194
2333
4309
7911
3483
4730
6122
4700
1351
7758
9133
2779
5777
4462
5810
41
1766
3175
2938
2513
8072
8933
3467
9132
3421
3364
8095
7916
6909
7300
3646
4178
112
4105
5645
4881
702
5253
8212
5848
2094
4858
6767
362
6716
8258
4727
1723
7144
5056
6976
6375
7713
3290
5700
2532
3623
1479
559
4015
4705
2323
9664
6104
4951
5585
1821
5634
5026
7445
4794
2092
9963
3933
746
5380
4689
3876
3713
6180
6784
8884
3100
7051
8297
5097
7730
5020
6990
3811
7037
3905
9704
2962
8861
3907
4044
1816
2204
5601
409
4152
176
9520
3701
850
9063
9291
7206
9148
3050
7862
5211
8922
473
3430
8751
4354
3249
428
7296
3896
9240
5831
4910
4204
936
3678
6846
2329
9838
10
4946
1871
3712
4960
9348
8171
8508
4930
6300
2110
6321
8339
3881
6291
9316
3417
7011
3670
7694
6435
5732
3561
1704
7979
4420
6812
8776
845
5458
9354
6086
8219
6434
5779
7834
812
5161
5106
8176
9466
6160
9981
6926
9400
9017
236
528
7764
1707
3450
5598
2846
6714
8461
5024
7576
9341
7373
1408
7283
4525
451
2992
4268
7937
7297
3178
560
2894
2544
4543
3227
3078
1360
2399
5432
4236
5686
6915
6507
7259
7364
4423
4642
9243
5424
4506
4594
450
997
1698
1265
7032
5545
3473
1260
494
7064
1778
8370
5636
1247
8501
8578
8244
5391
4851
4182
4531
8553
5945
3837
1493
6720
2383
9841
6172
2014
6647
5426
1724
5655
8121
2151
9332
1089
4527
3861
2913
9181
5905
4517
5168
5830
3022
2488
506
6305
4711
9860
6590
5914
7469
5164
9224
6391
9121
7117
2932
3739
9962
4434
3160
5207
55
6193
278
9411
3983
3873
8576
4850
5825
6444
729
5288
1602
8493
9572
4915
9563
9266
7982
6861
8888
4848
7504
8651
8005
4075
423
4982
8697
4313
2875
4739
8409
6467
6416
9960
601
543
4245
8048
9835
6768
7780
8316
5886
1693
1280
5971
6000
5783
3498
8594
5800
2179
1636
9097
9973
4435
8012
6127
3000
5933
3768
8491
9106
7745
7881
9355
1732
849
6921
8083
8687
6088
1257
4978
72
963
3220
7779
3009
2985
4693
1421
2619
8938
6980
1033
3087
8291
4000
3095
7814
6741
2999
9933
9246
1555
8492
8927
1369
6608
5772
5265
4419
6242
8855
2457
144
597
7324
1942
1226
8945
791
171
4346
9775
6691
1097
7132
2187
2426
3917
8912
1955
5292
1603
4829
6062
6579
332
5420
9311
8419
4111
8903
9986
7761
3745
1269
8989
6035
5668
3189
4779
1032
8466
6670
1028
2538
7511
7622
8917
684
8050
8011
6683
5630
8885
3717
9781
1448
3390
2056
3524
477
7183
7359
7587
9406
7978
3899
6056
6480
3749
1743
4660
4437
6984
6330
6221
6598
1509
9654
7396
5875
7630
5821
4238
9929
9170
3914
3420
3948
4384
5304
268
6874
6886
4985
4087
5395
8000
7199
9770
7664
4062
8624
2539
425
4622
1018
5720
2854
7389
5498
7667
9970
7775
7800
7886
1163
4413
263
9213
713
3804
7122
7421
2935
3975
6041
4459
4444
8713
6807
9227
9002
8958
6138
3684
5507
5550
8899
8394
5749
5871
5990
5220
3954
5998
4813
9516
7209
4564
6707
9957
3412
7654
7394
648
2389
9453
6033
1326
7578
7482
5345
2083
6782
6589
6802
1034
2820
9565
5192
8929
2576
2244
4322
8876
6429
133
7215
6793
7558
5650
817
8678
1059
2074
5324
752
7990
8363
552
3715
9054
8138
7624
7124
9351
6297
1481
8707
3305
297
9641
9280
4696
8763
6597
6205
4441
4366
9329
7118
2123
7534
6877
382
9396
1534
7060
6936
7817
3590
183
839
6232
5449
7935
3445
2173
8939
1934
6076
1771
3047
8327
9173
3147
6850
8079
9473
6020
5081
5969
4849
5305
3738
1964
7905
9989
3515
9866
4707
4562
6568
9916
6791
7642
6866
8111
2524
9828
5187
5364
8794
1831
7977
3875
4148
9029
7815
2790
2319
2685
9498
356
77
6596
4662
3375
3035
8268
9620
212
1279
523
8940
4128
1838
6536
4008
1593
9294
5489
3242
1355
4500
1927
9826
5064
6970
9284
6419
3425
7851
4835
6730
8286
8984
4491
1976
8105
4172
1680
6479
6164
9192
4141
1748
1116
7896
3644
3174
4229
7805
4133
1809
4036
3956
3963
5317
4470
8798
1722
3182
6558
838
5248
3311
9827
8867
9701
7740
4914
2278
9059
8762
9501
8605
4166
5759
3017
2777
4866
6929
8764
4049
5416
5689
3331
3949
6910
204
8112
5889
4574
5174
2888
5628
6222
1772
7446
3750
6753
5120
608
5483
3235
4966
7628
4037
4721
9919
9282
627
5180
5135
7344
2540
7252
5567
3552
5014
1770
9495
9009
775
7699
1542
9254
3617
6881
7203
5119
606
6198
3298
6657
8430
3959
3274
7847
6078
5149
9189
3127
8413
2560
8664
7639
3104
4287
4852
2453
9978
8020
6751
2385
7865
5480
8832
3277
3021
2676
8159
2180
947
9038
8452
5853
4381
8396
5822
5371
1836
3700
8773
7113
2801
2867
3027
6302
9724
886
6562
825
863
5737
8150
8871
4892
7649
6878
6801
6301
9445
9115
1484
2343
4680
7271
3824
638
383
5241
7541
6805
7684
6991
6497
5363
9094
6263
3046
9093
3971
6421
7128
7082
5
8350
5544
5920
3157
8987
8953
6354
6919
8307
5002
9814
3284
783
2307
5617
9456
8384
7914
9788
2254
9293
4873
1365
8257
3149
1186
3300
7536
7634
8122
3539
5690
570
6992
8587
5075
4807
8124
7256
7346
9703
4493
3530
6276
2545
8850
1112
7971
9135
4783
3891
8037
6945
9728
6334
815
3464
8445
5117
2690
949
5262
4570
3866
469
4234
9413
6284
3063
385
9787
8440
3354
1480
8404
8999
2360
4600
4750
3697
8029
9455
3708
3287
8869
5885
6061
2283
6066
6611
8160
3939
5573
2139
1106
6489
9267
9741
7108
2648
8783
6646
2673
266
293
759
5637
8537
7644
8833
7791
3521
9290
5055
420
2960
1329
9223
9077
4249
7681
9146
4877
2959
3629
7345
50
4455
3379
7750
3619
5282
3964
3880
8376
2936
8857
29
3098
4495
4740
8132
3113
2893
7656
1801
2765
1911
3093
2902
7120
6268
9265
6077
697
6165
8377
4232
5050
5678
7947
4117
3180
7919
5877
536
2217
7715
3480
3381
9693
6638
4907
3553
7523
8495
7008
9371
4269
4645
7405
8910
8385
4609
991
1179
6063
9895
219
649
3645
857
6814
9041
3639
6515
4751
7629
6159
937
8277
6106
573
6229
9783
6452
3792
1050
8742
3516
5341
2997
3573
675
9347
3471
3537
5564
8319
1958
8630
9980
9793
5687
4526
5958
2404
6244
624
6968
9791
7395
6987
6631
3826
7981
1259
6928
9200
7785
5934
8001
6844
1052
9619
2456
4618
9296
6152
3870
3827
5542
7150
5427
625
3773
5571
5001
7789
3254
7672
4267
3116
7327
5510
8489
6525
4759
162
8457
7747
7035
5612
7299
3872
3605
7258
5847
1398
4801
6289
4312
5139
7955
5916
4754
2211
9021
7078
5284
407
4760
6101
4661
7245
8667
4345
3520
4908
4264
2979
4965
1561
1941
9205
63
6405
8911
6128
6445
1487
8657
9746
7674
5089
3574
8344
6455
7402
1439
5973
4466
6899
6448
4970
7121
105
3578
5892
6389
8103
1818
4091
1124
9545
3780
3817
7462
4691
7138
5813
4275
203
8372
7139
232
6220
7087
680
5296
2477
7153
1753
526
7751
9188
8293
7177
7767
9209
9630
7692
5511
5600
2247
3263
7797
898
1833
5079
1923
8228
3240
8841
7311
4209
4503
3863
7742
3593
6860
5212
8542
8760
7902
3622
2889
3820
7310
1489
8635
3991
8314
7044
9150
3852
9943
7647
6895
5029
6941
4792
9474
9452
5606
7316
7437
8201
3045
3370
10000
6386
7031
7435
6337
8551
6818
2076
9757
9631
8147
8620
1733
8213
8274
9008
5311
4547
7024
7260
8934
5063
136
7233
2848
8579
6868
8916
4557
5993
9668
5769
5682
5358
9408
689
6834
5210
3102
4136
8956
1111
6516
4663
9519
822
6439
8679
3410
3846
4046
5103
9539
2977
8229
8961
5873
6040
9233
7786
3299
7989
8988
3062
8908
6459
7809
4671
8214
9945
4028
5488
8278
8921
8290
1053
9903
9551
7023
7961
7313
1399
5966
9855
1609
537
9882
5684
9405
4223
4256
6855
8186
3357
4934
8843
9665
5838
2588
4120
9795
734
1470
3809
7350
4791
6958
6511
8614
2002
9898
8070
122
5718
6842
5275
920
6561
8036
3674
7593
3426
7211
8957
3146
4833
5397
6267
7728
9339
3199
3004
3403
5148
1545
5181
7832
6960
5699
3960
8126
3368
4902
6103
9617
9163
4385
6366
3751
2877
2798
5374
4290
3839
7562
6914
8184
7266
6081
3845
5441
9157
4461
5930
4541
7363
8469
152
7572
7480
9344
9175
2842
8383
1978
4513
3436
9298
4409
6711
6564
8805
9484
2689
6612
1254
3669
7706
7835
6585
8545
5872
9117
8925
4785
319
4938
5703
4809
7267
6639
5654
6194
7640
1714
3716
8954
5840
7368
9932
9125
9087
2164
7415
3415
8471
9335
4157
7098
4106
9191
7594
4668
8204
903
3031
3310
672
2526
2771
3972
8155
8930
7141
9698
6769
8573
5641
9694
2824
7253
9874
3308
4342
3237
5283
7057
5811
9889
8792
6671
7618
5466
7441
8749
8807
5974
3442
4716
9422
8051
4472
5596
3142
9779
6423
4067
7698
5748
4130
9987
5365
5470
2929
6795
4266
4039
6740
8349
8450
5271
6042
3518
3505
165
9592
5127
5102
7766
3075
8623
5789
7898
2934
7600
5274
5646
8995
3543
9731